0 1
0 3
0 5
1 0
1 2
1 4
2 1
2 3
2 6
3 0
3 2
3 7
4 1
4 5
4 8
5 0
5 4
5 9
6 2
6 7
6 10
7 3
7 6
7 11
8 4
8 9
8 12
9 5
9 8
9 13
10 6
10 11
10 14
11 7
11 10
11 15
12 8
12 13
12 16
13 9
13 12
13 17
14 10
14 15
14 18
15 11
15 14
15 19
16 12
16 17
16 20
17 13
17 16
17 21
18 14
18 19
18 22
19 15
19 18
19 23
20 16
20 21
20 24
21 17
21 20
21 25
22 18
22 23
22 26
23 19
23 22
23 27
24 20
24 25
24 28
25 21
25 24
25 29
26 22
26 27
26 30
27 23
27 26
27 31
28 24
28 29
28 32
29 25
29 28
29 33
30 26
30 31
30 34
31 27
31 30
31 35
32 28
32 33
32 36
33 29
33 32
33 37
34 30
34 35
34 38
35 31
35 34
35 39
36 32
36 37
37 33
37 36
38 34
38 39
39 35
39 38
0 10
0 15
1 11
1 16
2 12
2 17
3 13
3 18
4 14
4 19
5 15
5 20
6 16
6 21
7 17
7 22
8 18
8 23
9 19
9 24
10 20
10 25
11 21
11 26
12 22
12 27
13 23
13 28
14 24
14 29
15 25
15 30
16 26
16 31
17 27
17 32
18 28
18 33
19 29
19 34
20 30
20 35
21 31
21 36
22 32
22 37
23 33
23 38
24 34
24 39
25 35
26 36
27 37
28 38
29 39
30 0
31 1
32 2
33 3
34 4
35 5
36 6
37 7
38 8
39 9
0 20
1 21
2 22
3 23
4 24
5 25
6 26
7 27
8 28
9 29
10 30
11 31
12 32
13 33
14 34
15 35
16 36
17 37
18 38
19 39
20 0
21 1
22 2
23 3
24 4
25 5
26 6
27 7
28 8
29 9
30 10
31 11
32 12
33 13
34 14
35 15
